INFO: setting server port as: 2222
INFO: Waiting for incoming connection...
0.041838916
0.133581710
0.018395564
0.121939902
0.067382106
0.082702632
0.060140621
0.206713570
0.105387912
0.077928494
0.023288974
0.142738020
0.042785954
0.009700734
0.020621683
0.152364029
0.029348316
0.062023780
0.300410296
0.123075495
0.122551121
0.185216369
0.036311876
0.209518397
0.248638201
0.183830506
0.090799697
0.035863012
0.001792234
0.005537429
0.294099712
0.180540058
0.064766206
0.119123041
0.091922010
0.003446916
0.223926312
0.106471267
0.111897859
0.036526580
0.015232009
0.176848402
0.033525881
0.186647204
0.096816921
0.074130833
0.163168799
0.214779976
0.140615450
0.201675541
0.020362603
0.210717965
0.177537921
0.064898005
0.027590439
0.030722786
0.021464042
0.027042930
0.044997504
0.197866206
0.023244650
0.119196597
0.227906560
0.040370911
0.038433903
0.022132145
0.023461566
0.109883595
0.131550578
0.114000850
0.249925199
0.233913943
0.202826031
0.118929290
0.285405967
0.118939333
0.012130481
0.006892849
0.019190055
0.142859491
0.117512783
0.014418074
0.019154444
0.011279848
0.004673227
0.006359026
0.213846718
0.226258719
0.041524555
0.142862558
0.067106758
0.050318910
0.008855236
0.118096563
0.404876222
0.217103365
0.082715785
0.114902328
0.295118785
0.148276842
0.113585454
0.342626543
0.057417346
0.147772248
0.006777699
0.023862506
0.021795201
0.031861380
0.022042019
0.083652094
0.094359703
0.296506962
0.065934583
0.010122933
0.074922181
0.050057251
0.156935321
0.000374711
0.076147610
0.022304798
0.055080986
0.030425980
0.016907297
0.003578770
0.099321333
0.084708555
0.017118592
0.082327073
0.033272747
0.018948499
0.096310337
0.024891351
0.007754058
0.175000197
0.008256255
0.037505683
0.075052503
0.028506438
0.028458739
0.017645799
0.000404954
0.033617133
0.047907203
0.209478116
0.100188429
0.096580585
0.124138667
0.206796614
0.019069017
0.066288557
0.196215290
0.172720159
0.071652625
0.026782285
0.056613922
0.157621697
0.028772952
0.096163871
0.012582619
0.056561360
0.107464968
0.021025664
0.010876240
0.037355651
0.224004425
0.081155700
0.142153342
0.034042230
0.089719656
0.025075936
0.006380427
0.086930380
0.028449328
0.008060577
0.227244264
0.025819087
0.119648773
0.014358639
0.081992571
0.019528968
0.046398555
0.041896747
0.032985685
0.084936938
0.034512624
0.012297631
0.000552219
0.124189222
0.010256256
0.106489741
0.049788940
0.102583868
0.053626411
0.008325206
0.040344340
0.089300834
0.011876026
0.004686901
0.126617820
0.048814221
0.074333270
0.063006760
0.037547543
0.183088158
0.015623598
0.062278272
0.075675982
0.147618198
0.008783018
0.015598441
0.021408148
0.028749905
0.175609022
0.140686371
0.003134466
0.125629481
0.150832946
0.020925685
0.079095456
0.093665547
0.106027660
0.042851256
0.047543362
0.040721101
0.014113100
0.001336351
0.040241202
0.111525107
0.087509408
0.210166110
0.138409480
0.031260711
0.000611495
0.154883998
0.085875407
0.042775352
0.105853606
0.094495783
0.002890876
0.096563337
0.111307121
0.070017546
0.000575559
0.025288149
0.162512432
0.034907122
0.176112984
0.031419245
0.017284163
0.058443155
0.093938225
0.017783073
0.102139075
0.066127033
0.224721885
0.217731876
0.225893355
0.067126959
0.134081706
0.075324801
0.446797809
0.032802866
0.074235404
0.118807783
0.132136393
0.077381792
0.015330421
0.167031297
0.091099538
0.079007914
0.086571431
0.013492948
0.002901632
0.060950855
0.060417402
0.056191887
0.004247471
0.040571324
0.050245902
0.044512523
0.043628403
0.105482859
0.227572011
0.049438433
0.444430551
0.006541996
0.075892494
0.020783910
0.214329888
0.051900284
0.158528829
0.247973820
0.121511979
0.064229631
0.054208709
0.052412737
0.285088912
0.051159478
0.121300974
0.024932891
0.275982450
0.043008114
0.067473343
0.017775406
0.037313115
0.207038352
0.077845349
0.009800139
0.018596078
0.074955388
0.075713876
0.068683993
0.031176518
0.035204676
0.230537965
0.344155975
0.225707113
0.049633678
0.132266208
0.281116259
0.028986417
0.038087614
0.114853350
0.026675315
0.010980563
0.081444037
0.215453488
0.027746342
0.019010145
0.016266006
0.021626773
0.001209975
0.010760348
0.087245853
0.008967280
0.006194487
0.057280249
0.029012644
0.203015030
0.017736878
0.047222019
0.128558715
0.516743449
0.137879582
0.191896055
0.033177559
0.086813041
0.004392282
0.135622919
0.095562012
0.031388685
0.029587026
0.017574723
0.004684456
0.014368474
0.012303714
0.005092563
0.242569483
0.216215582
0.183315024
0.015516611
0.054021169
0.217158656
0.072851475
0.021373725
0.083769010
0.001505467
0.035690533
0.061729418
0.030627307
0.086471509
0.026221648
0.033841291
0.118755681
0.096001492
0.155537471
0.215746111
0.091985091
0.157099153
0.024775521
0.060300497
0.078873092
0.143627385
0.111324051
0.037297128
0.002126788
0.055764429
0.153349219
0.059110567
0.006893403
0.055188542
0.003799207
0.023511392
0.078844627
0.271675756
0.189351401
0.118090211
0.000683498
0.111237267
0.213312725
0.129232528
0.036773536
0.022904762
0.008434882
0.027160398
0.231445716
0.049610012
0.155623042
0.098370597
0.047593786
0.032732823
0.011706918
0.039675149
0.089974001
0.177264209
0.075441729
0.062841077
0.239158808
0.010954514
0.060394829
0.041185693
0.014652247
0.047501235
0.087538600
0.133741061
0.126301184
0.134543139
0.168347848
0.004136101
0.016356321
0.009776488
0.075670917
0.100538770
0.043588995
0.071936206
0.020993569
0.039164991
0.008647400
0.040886716
0.226846143
0.148496662
0.084140750
0.081766733
0.072165410
0.002544113
0.076347020
0.013057230
0.125309067
0.110821488
0.091672587
0.009404136
0.009098539
0.026374292
0.028382240
0.244899836
0.059038820
0.229638415
0.029142994
0.086297331
0.022198540
0.082822848
0.139824108
0.002511248
0.080211149
0.124201172
0.006755526
0.015910587
0.037274864
0.039772689
0.008954776
0.169771831
0.009275061
0.115535421
0.038190960
0.026586421
0.005989576
0.047271449
0.093728612
0.053262899
0.021286169
0.071749563
0.011335127
0.054621704
0.017923293
0.012036217
0.017104256
0.192630399
0.327596685
0.097037627
0.003921107
0.124436745
0.164708229
0.473941487
0.333553683
0.147057638
0.103813145
0.018028698
0.014114136
0.032720581
0.063475664
Done.
