INFO: setting server port as: 2222
INFO: Waiting for incoming connection...
0.041852758
0.133611667
0.018461299
0.121950131
0.067388111
0.082656809
0.060141459
0.206726541
0.105401928
0.077936400
0.050212051
0.180614858
0.174121193
0.126928593
0.101105304
0.152369495
0.029367160
0.062029001
0.300427285
0.196585393
0.203685815
0.185218210
0.051035842
0.209594847
0.248641015
0.232028461
0.090750586
0.055343204
0.001811168
0.005545169
0.294103162
0.362001208
0.064786746
0.119125442
0.091932776
0.003458392
0.223932093
0.138436772
0.111901453
0.036835381
0.015244224
0.176858949
0.033519028
0.186650276
0.196680549
0.126939062
0.163183018
0.214837076
0.162341768
0.201675509
0.020376256
0.210720870
0.177547508
0.171430936
0.027612489
0.030725575
0.021477001
0.027058661
0.045013125
0.197813257
0.147083604
0.229883775
0.229664095
0.040388944
0.038441051
0.022143068
0.023472354
0.109889680
0.186223185
0.255433997
0.445520104
0.481135440
0.486028263
0.531357430
0.285408783
0.118945864
0.012184269
0.006910888
0.019202703
0.142867919
0.117525690
0.014425264
0.019160335
0.011294095
0.004743645
0.006378832
0.213860917
0.229055941
0.041544212
0.142874619
0.067124527
0.050323566
0.008857474
0.118105815
0.404886545
0.458989234
0.254835762
0.114914090
0.319175300
0.148289405
0.113610355
0.342637989
0.057425516
0.147783276
0.094766860
0.023867218
0.021806453
0.031882040
0.022054437
0.083656419
0.145726815
0.357738428
0.185317678
0.085809751
0.074938657
0.050076209
0.156941282
0.020530251
0.076156710
0.022322561
0.055085920
0.030436266
0.016917440
0.003596924
0.099337500
0.084704353
0.017110875
0.082333037
0.033232761
0.018946569
0.096316315
0.024900791
0.007699753
0.175011880
0.082637805
0.037524153
0.075052266
0.028517440
0.028474454
0.017658573
0.000354935
0.033678784
0.047911934
0.209482215
0.100193322
0.096588027
0.177571851
0.222852291
0.019085804
0.066298825
0.196215616
0.251229835
0.071666526
0.026790622
0.056614437
0.157625810
0.028773386
0.096156597
0.042321588
0.056621508
0.107468751
0.021032710
0.010886979
0.037369426
0.223997063
0.174177554
0.142167378
0.034111553
0.089728498
0.025085031
0.006396149
0.086936767
0.077246906
0.008075541
0.227249340
0.067158652
0.119664420
0.014374932
0.081999539
0.019536562
0.046396765
0.041906532
0.032996883
0.084941283
0.034522061
0.012309774
0.000566086
0.124188806
0.010266424
0.106492941
0.049790443
0.135555715
0.053641016
0.008329706
0.040345697
0.094583634
0.011875742
0.004701293
0.126615194
0.048809496
0.074345815
0.094977588
0.037556371
0.183083716
0.077669966
0.062284024
0.075686742
0.147682800
0.067653383
0.058926819
0.021414367
0.028755368
0.175615786
0.168888067
0.031324664
0.125631828
0.177123836
0.020931615
0.079099803
0.099095994
0.166281756
0.042852159
0.047540341
0.040729387
0.014123641
0.001343200
0.040240417
0.111544965
0.087513091
0.210168153
0.138417337
0.031277879
0.000615994
0.154894980
0.085879088
0.042784325
0.105862075
0.094508145
0.002904560
0.096570568
0.155100662
0.155762980
0.000589542
0.025491722
0.162514006
0.034924672
0.176113725
0.031430559
0.017295157
0.058451237
0.095310675
0.017795506
0.102152444
0.066180725
0.224733075
0.217754212
0.355056309
0.154848694
0.134082897
0.075334709
0.446792675
0.122615259
0.074246286
0.118802809
0.132133850
0.077392039
0.015331551
0.167042539
0.091126737
0.079008293
0.086552098
0.013500407
0.002902577
0.060961667
0.060423206
0.056196230
0.020499800
0.040574256
0.050259795
0.044518981
0.043624209
0.105482567
0.239319853
0.049448220
0.444389718
0.234539632
0.290159934
0.020798246
0.214343435
0.051913679
0.158541735
0.247972663
0.121514876
0.064239953
0.054217654
0.052421144
0.285094356
0.051156257
0.121304370
0.024938135
0.276002366
0.043015145
0.067485218
0.017794225
0.037323010
0.207047876
0.077850469
0.009733290
0.018609159
0.074962771
0.075713359
0.068697926
0.071636891
0.035216186
0.243280900
0.362974178
0.281962892
0.049628638
0.132265767
0.281126751
0.028995003
0.038100800
0.114863945
0.026676955
0.010985866
0.081443679
0.215461941
0.027708551
0.019023333
0.016275219
0.021630612
0.001278418
0.010765879
0.087252105
0.008973337
0.006216200
0.057234911
0.029038725
0.203021227
0.127401418
0.047224185
0.152114249
0.516750216
0.431659186
0.509909150
0.468218892
0.153845785
0.004406943
0.135632058
0.095570447
0.031393115
0.029601383
0.017580022
0.004688931
0.014378716
0.012307567
0.005096913
0.242529564
0.216218634
0.221738449
0.026118056
0.054025582
0.217166954
0.072849470
0.021383346
0.083787494
0.001501702
0.035697660
0.061739402
0.030692209
0.086452975
0.026232760
0.033854152
0.118759258
0.134165545
0.190078867
0.261157222
0.091993283
0.157098250
0.024785674
0.060309411
0.113741665
0.143636734
0.111342321
0.037304491
0.002118224
0.055771170
0.156749481
0.100246273
0.006918242
0.055198950
0.003809126
0.023527023
0.078843370
0.271685932
0.254341858
0.118100843
0.000696937
0.111249740
0.213314296
0.129234385
0.104364640
0.022910021
0.008440082
0.027181704
0.231448545
0.176483218
0.155623673
0.098382110
0.047608255
0.032745746
0.011724919
0.039683030
0.101301712
0.229393009
0.208620990
0.062831953
0.239170893
0.125187276
0.060403722
0.067200201
0.014660301
0.047511023
0.087552613
0.137397183
0.218700248
0.285575958
0.168363443
0.004145016
0.016366439
0.009777917
0.075682676
0.100543366
0.043610701
0.071945750
0.021008090
0.039170535
0.008667399
0.040945562
0.226856736
0.148498031
0.084102612
0.081777715
0.072178230
0.002616563
0.076408955
0.013069709
0.125304333
0.163409439
0.091677096
0.033184630
0.009100881
0.026378141
0.028393011
0.244905156
0.059041216
0.229646088
0.029199516
0.086299044
0.022200106
0.082823636
0.139841595
0.002528508
0.080215166
0.124212522
0.006771339
0.015920450
0.037282097
0.039773840
0.008964282
0.169777802
0.047592028
0.115545315
0.038197307
0.026594354
0.006008600
0.047280798
0.093750462
0.053280820
0.021294432
0.071759309
0.011338396
0.054632321
0.017936380
0.012044120
0.017116390
0.192644659
0.329504114
0.312875933
0.003922185
0.124442469
0.164722505
0.553857137
0.568316054
0.459240639
0.353926817
0.018037020
0.014118472
0.032728597
0.063478376
Done.
