INFO: setting server port as: 2222
INFO: Waiting for incoming connection...
0.041865073
0.133611561
0.018471785
0.121943887
0.107565371
0.125080267
0.060127096
0.206720530
0.105402385
0.077944934
0.070561099
0.203154539
0.216337835
0.191860482
0.184580420
0.152375158
0.037758669
0.062027187
0.300419011
0.287300908
0.340537504
0.376030642
0.310001831
0.452839118
0.371609680
0.364639203
0.306038070
0.299102579
0.001800929
0.005544212
0.294108267
0.398293980
0.064779413
0.121759703
0.119519954
0.003439500
0.223930271
0.215185867
0.111894395
0.081418954
0.015246370
0.176848532
0.094276619
0.186650136
0.231361813
0.219126614
0.163177283
0.214829385
0.239527489
0.339455565
0.129173629
0.210732107
0.177547033
0.192725323
0.027608286
0.030731384
0.021479000
0.027053249
0.044980074
0.197861571
0.171914490
0.269241754
0.360222933
0.040383698
0.038442234
0.022142452
0.023466156
0.109890394
0.208266900
0.295363190
0.509347466
0.555303917
0.567382494
0.638562193
0.604167642
0.509244363
0.317296432
0.304454619
0.176642503
0.304909638
0.298557445
0.142516201
0.150885273
0.011287596
0.004739373
0.006371873
0.213842486
0.229584162
0.090788310
0.197936300
0.067118335
0.050329246
0.008858152
0.118105269
0.404886088
0.507363555
0.417919464
0.257206068
0.466275263
0.256209501
0.113597899
0.342641998
0.057416282
0.147783761
0.118636864
0.023863213
0.021810897
0.031862295
0.022043710
0.083659259
0.156017702
0.401789199
0.324676284
0.268988377
0.089735017
0.050064653
0.156941899
0.075203569
0.076150807
0.022311369
0.055088954
0.030429015
0.016902739
0.003588788
0.099333760
0.084704111
0.017114234
0.082274402
0.033291419
0.018943457
0.096307974
0.024897828
0.007754936
0.175006132
0.122868399
0.037505939
0.088874836
0.028508782
0.028467061
0.017652968
0.000409327
0.033676890
0.047913068
0.215596424
0.100192172
0.096590320
0.194792752
0.304639053
0.019058666
0.066292041
0.196204727
0.298262565
0.071660766
0.026790254
0.056618886
0.157623319
0.061695851
0.096162806
0.068860865
0.056625571
0.107474219
0.021028102
0.010883088
0.037355828
0.231501903
0.234060179
0.142164480
0.034109658
0.089725287
0.025078253
0.006393177
0.086928779
0.092444953
0.010021530
0.227243747
0.141465606
0.119666133
0.014386007
0.082004758
0.019529786
0.046411338
0.041912589
0.032989359
0.084935353
0.034523211
0.012308387
0.000563086
0.124192642
0.010261411
0.106502841
0.049798356
0.142279933
0.053631309
0.014489748
0.040338636
0.108566804
0.048498978
0.004685895
0.126614787
0.052929484
0.074341214
0.111889643
0.037556817
0.183093614
0.126049323
0.062281387
0.075694441
0.147684545
0.103139100
0.104102837
0.021408802
0.028750618
0.175617310
0.227822418
0.146516565
0.125623336
0.216797920
0.040947802
0.079094387
0.128523453
0.211208385
0.042846535
0.047537881
0.040725288
0.014117719
0.001337111
0.040239265
0.111537068
0.126057773
0.275776142
0.253333096
0.052827705
0.000611721
0.154889595
0.088396515
0.042771509
0.105860249
0.110322696
0.002897498
0.096569155
0.163848816
0.192223649
0.000591400
0.025644085
0.162507091
0.034922850
0.176117832
0.031424323
0.017289680
0.058449970
0.118095072
0.017793325
0.102148712
0.067872769
0.224731959
0.217734974
0.390424585
0.297111445
0.294688201
0.075328397
0.446792546
0.265375433
0.074243069
0.118799035
0.132137934
0.077392380
0.031646740
0.167037380
0.091105287
0.079008344
0.086555811
0.013498746
0.002910644
0.060958102
0.060371310
0.056190433
0.036420833
0.040573593
0.050249859
0.044519202
0.056940119
0.105566386
0.241746040
0.120544545
0.444437097
0.321098772
0.384796580
0.200732136
0.364605475
0.217425737
0.158533482
0.290938632
0.121518020
0.064238659
0.054208335
0.057045235
0.285089822
0.051160405
0.131747327
0.024941597
0.275986392
0.043005976
0.067482085
0.017782900
0.037318518
0.207055551
0.077840427
0.040198646
0.018611623
0.074960493
0.075712389
0.068695736
0.079728313
0.035227767
0.245824986
0.366741000
0.408369828
0.049617043
0.143769574
0.291007023
0.116118044
0.120333518
0.114853893
0.026684075
0.010985311
0.081441143
0.215460406
0.027753097
0.019020464
0.016269716
0.021631414
0.001233809
0.010767556
0.087246544
0.008966929
0.006219108
0.057283358
0.029026757
0.203019435
0.164706037
0.047222312
0.156814424
0.516755245
0.490410736
0.573485031
0.561702066
0.407762386
0.004400235
0.135633143
0.095572811
0.031397638
0.029586192
0.017583786
0.004689596
0.014365192
0.012306947
0.005106063
0.242592206
0.216223385
0.229448383
0.118247760
0.054022992
0.217169409
0.072855168
0.021384057
0.083780377
0.023828209
0.035700123
0.061745504
0.046274428
0.086446362
0.026233156
0.033850285
0.118762113
0.166372350
0.262096053
0.335359356
0.091980125
0.171409984
0.046435051
0.060304299
0.123869276
0.143582412
0.111323333
0.037295445
0.002119797
0.055749879
0.157406636
0.147114283
0.006902926
0.055194764
0.016512967
0.023520123
0.084618520
0.271676618
0.267326972
0.118106125
0.000691917
0.111244776
0.213317185
0.129239124
0.117876143
0.022861987
0.008441925
0.027173099
0.231447372
0.201869366
0.155641989
0.098367962
0.062293750
0.032747537
0.011710759
0.039680744
0.112601924
0.260327401
0.255756796
0.143828391
0.239163175
0.175126507
0.060406051
0.072420852
0.014654589
0.047508610
0.087542919
0.138106710
0.237404102
0.316003892
0.175965329
0.004141002
0.016358543
0.009783659
0.075676447
0.100530612
0.043606676
0.071952930
0.020997406
0.039182321
0.008660917
0.040943400
0.226854502
0.148499354
0.084150700
0.081773449
0.072171630
0.002604399
0.076403588
0.013012128
0.125306950
0.192475182
0.091678469
0.060312740
0.009101253
0.026375260
0.028393070
0.244871946
0.089428571
0.268782590
0.029202334
0.086294736
0.022203021
0.082825046
0.139835204
0.002524519
0.080229730
0.124205933
0.006766773
0.015914787
0.037280929
0.039778789
0.008952128
0.169770055
0.100116324
0.115547872
0.038191462
0.026594015
0.006005114
0.047279830
0.093757229
0.053283640
0.021288571
0.071759452
0.026509686
0.054628502
0.017934052
0.012048213
0.017110885
0.192642830
0.329872035
0.358680659
0.152249454
0.238002854
0.164713799
0.569842217
0.615274872
0.608620621
0.586915089
0.159117780
0.069192279
0.032727285
0.063472351
Done.
