INFO: setting server port as: 2222
INFO: Waiting for incoming connection...
0.041852308
0.133587519
0.018448413
0.121942122
0.148399908
0.198469323
0.193606013
0.354845398
0.155986184
0.132817051
0.140708684
0.274949000
0.302896651
0.295459366
0.302086811
0.152356015
0.109671158
0.076727868
0.300410510
0.355347564
0.443203993
0.553494247
0.538569874
0.714725478
0.798380795
0.798643776
0.814692055
0.829103153
0.609848747
0.608638028
0.841451108
0.972837397
0.805019021
0.893021759
0.937807999
0.869292224
1.017269752
1.066078294
0.910784260
0.913756143
0.826724484
0.886995424
0.862401491
0.872213944
0.942918887
0.973815584
0.823453756
0.931081236
1.013689716
1.164440628
1.069431195
1.214174480
1.091531274
1.122680005
1.047714722
0.981672079
0.848853428
0.816545977
0.840672440
0.957142430
0.949784252
1.057985969
1.217377171
0.839320937
0.762297902
0.645778959
0.634296519
0.656253013
0.771161209
0.871655070
1.103550202
1.157244006
1.174720266
1.265281123
1.390738658
1.402701531
1.312765356
1.309740810
1.255385039
1.390889115
1.446417871
1.375557585
1.389273136
0.204982064
0.004736614
0.006375237
0.213857174
0.230021295
0.181340756
0.306301969
0.129102788
0.134828650
0.056958074
0.118097586
0.447230408
0.586010860
0.582595197
0.559630046
0.772305075
0.741370091
0.648289844
0.602395779
0.426021001
0.463762767
0.452528048
0.256507935
0.173291843
0.105763774
0.022042991
0.083676880
0.163728035
0.434835575
0.429203727
0.406357500
0.354147416
0.340332872
0.208351822
0.167614683
0.186652618
0.166552041
0.055083201
0.030424422
0.016912949
0.003588419
0.099330736
0.130508567
0.035465064
0.082329362
0.033292914
0.018950880
0.096307722
0.024888493
0.007758782
0.175005495
0.153038867
0.074570408
0.137730671
0.080162342
0.028460167
0.017648362
0.000413892
0.033619310
0.047907789
0.236449593
0.100191478
0.096581955
0.207713194
0.366000395
0.098416445
0.066288986
0.196216784
0.333552045
0.164703486
0.122427629
0.161168271
0.157623562
0.123992190
0.151534221
0.144115141
0.070594439
0.107462646
0.021035757
0.012183290
0.037359551
0.246395617
0.288237169
0.191161728
0.043852581
0.089722289
0.064554186
0.006390293
0.086932470
0.103859641
0.066636368
0.253541014
0.223507407
0.255443584
0.162185412
0.177241760
0.019539031
0.046398868
0.041908925
0.032999960
0.089819493
0.034460838
0.012306578
0.000565354
0.124195912
0.010260796
0.106487879
0.049800064
0.147319598
0.053632860
0.038159928
0.040339612
0.119050913
0.094903857
0.004684193
0.126528782
0.114051351
0.074332199
0.124581595
0.075608446
0.183098721
0.162344178
0.159780025
0.141267400
0.192362187
0.174422808
0.182655428
0.021402664
0.028749450
0.175627184
0.272017555
0.232903191
0.250800580
0.371757552
0.294246831
0.336391812
0.407884937
0.502194358
0.392492681
0.417560284
0.420243366
0.407984953
0.333096575
0.292168351
0.355762951
0.406726231
0.586616155
0.644559419
0.559877978
0.440693558
0.491659868
0.501288610
0.447609555
0.480267632
0.529698738
0.370587794
0.450454642
0.524300555
0.573446110
0.453429695
0.478585064
0.604574426
0.532862579
0.688902654
0.610166369
0.521418074
0.363463038
0.440192788
0.281288829
0.148808973
0.164693712
0.224743256
0.308073896
0.507313155
0.494165345
0.559912371
0.355228269
0.633640475
0.559276615
0.358744745
0.270039001
0.300518774
0.228436182
0.213160423
0.316488350
0.248771398
0.121285352
0.154542534
0.077065562
0.002830602
0.060888677
0.060360381
0.056134866
0.048327142
0.040559227
0.050189562
0.044518858
0.072492818
0.149494886
0.287446257
0.251513590
0.608447126
0.549977949
0.619723814
0.538038490
0.727079104
0.679386532
0.703895707
0.894024008
0.710374895
0.545147524
0.558665067
0.586238020
0.572006587
0.407368140
0.508253628
0.381559883
0.422288540
0.321799126
0.348851734
0.284235446
0.224104432
0.366040144
0.337670877
0.323697422
0.141613408
0.169698420
0.141312514
0.097016762
0.114113638
0.066301140
0.278812501
0.400638224
0.534254054
0.365561079
0.478714310
0.692847838
0.619843193
0.640944366
0.541819913
0.338697771
0.284980167
0.081450455
0.215463007
0.116296634
0.114863309
0.112732367
0.035867205
0.023478958
0.010770527
0.087246872
0.034145519
0.006217567
0.057289733
0.036172441
0.203010557
0.192660900
0.156281413
0.269411637
0.617912264
0.635637057
0.722345672
0.732986233
0.699369763
0.483518891
0.577258741
0.527182125
0.438495434
0.233433484
0.111267373
0.004691527
0.014363170
0.015879576
0.005096306
0.242590024
0.238398139
0.257388253
0.209490727
0.174963074
0.304169604
0.207856926
0.154371123
0.107322441
0.078042624
0.036365411
0.061736140
0.069287490
0.104390397
0.026227874
0.033848514
0.118765680
0.190523012
0.316101497
0.390993470
0.291549999
0.409753045
0.359591861
0.391004321
0.462164545
0.385138028
0.420634482
0.138499358
0.098347673
0.149525462
0.251683913
0.276041522
0.111272620
0.103340335
0.085840790
0.023522767
0.093436339
0.271694604
0.277079956
0.192979883
0.128942697
0.111235823
0.238029725
0.231001330
0.229753501
0.022915034
0.008402050
0.027171028
0.231466672
0.220916512
0.233357988
0.098370529
0.104072138
0.075719581
0.011708141
0.039677743
0.121075967
0.283528077
0.291118747
0.266514876
0.395202399
0.368576154
0.282680460
0.298587424
0.262173805
0.249309900
0.299899522
0.351024824
0.463834136
0.551230115
0.565336600
0.328316960
0.338089585
0.272877520
0.085535470
0.136860447
0.078637362
0.072951295
0.021003505
0.039176960
0.008674293
0.040938224
0.226853977
0.237695136
0.132496637
0.088821646
0.088270555
0.020967978
0.076412233
0.013071873
0.125311210
0.214288801
0.119884669
0.108840118
0.080285770
0.026374373
0.028392552
0.250903928
0.202651025
0.407085946
0.285456435
0.356307736
0.296071787
0.172100039
0.199747366
0.023444786
0.080218244
0.124223684
0.006786778
0.015915214
0.037282353
0.057234186
0.008890296
0.169778761
0.139548742
0.161443947
0.038196449
0.026583615
0.005993711
0.047278848
0.093740904
0.053273250
0.021289386
0.071754656
0.054733002
0.073432480
0.017938584
0.012050632
0.017126929
0.192636379
0.330145855
0.393027848
0.291732489
0.396780292
0.240208253
0.657320929
0.725969519
0.796132363
0.837128083
0.632188427
0.594218286
0.444816696
0.396202269
Done.
