INFO: setting server port as: 2222
INFO: Waiting for incoming connection...
0.041860801
0.133557334
0.018415721
0.121915013
0.130867476
0.166980503
0.134301412
0.276081117
0.105350404
0.077892248
0.079265424
0.212796527
0.234411005
0.219667242
0.220327058
0.152328722
0.078819999
0.061991934
0.300375738
0.326143988
0.399152270
0.477384941
0.440580458
0.602460938
0.615444731
0.612614961
0.596661663
0.601925234
0.287984634
0.283941157
0.490517400
0.610242055
0.342779832
0.417485313
0.442109932
0.342803097
0.458273997
0.482409057
0.212641050
0.201277122
0.070458244
0.176815929
0.127377711
0.186610064
0.246174183
0.258579054
0.163132289
0.224866348
0.282659824
0.411624255
0.267210228
0.383718986
0.177499825
0.201809419
0.082929291
0.030689184
0.021440866
0.027014009
0.044962091
0.197828839
0.182511426
0.286047668
0.416108449
0.040342923
0.038398876
0.022099213
0.023426262
0.109853219
0.217680301
0.312427699
0.536639919
0.587011671
0.602175855
0.684418649
0.741363932
0.707519988
0.573861893
0.566629369
0.480796283
0.613195259
0.642201293
0.534840406
0.546269443
0.011253175
0.004731161
0.006359097
0.213823139
0.229806530
0.142497984
0.259816946
0.067077429
0.053736977
0.008826506
0.118072269
0.414744288
0.537960884
0.497671294
0.415671592
0.626793315
0.519084560
0.337471748
0.342595617
0.066072451
0.147740423
0.128837628
0.023828436
0.021764080
0.031830779
0.022015581
0.083618383
0.160373215
0.420598113
0.384315727
0.347396598
0.240735837
0.199598654
0.156891659
0.098592159
0.093197472
0.054967460
0.055040649
0.030388973
0.016870660
0.003554162
0.099298307
0.107552897
0.017083151
0.082292214
0.033243217
0.018900242
0.096275350
0.024859740
0.007728812
0.174964188
0.140058901
0.037470310
0.095575841
0.028469976
0.028421769
0.017609134
0.000371357
0.033644848
0.047872424
0.227461325
0.100159628
0.096546074
0.202133728
0.339641376
0.019037712
0.066257083
0.196184750
0.318394080
0.071611103
0.026747265
0.057878227
0.157587746
0.097258219
0.096057731
0.080109172
0.056584912
0.107429705
0.020988216
0.010844662
0.037326887
0.239969039
0.264958427
0.142107824
0.034068520
0.089687639
0.043030866
0.006364606
0.086904141
0.098940766
0.042345632
0.227204598
0.173272822
0.167674586
0.028345037
0.081959937
0.019512699
0.046361009
0.041866732
0.032951471
0.084897900
0.034479109
0.012286114
0.000553121
0.124165551
0.010234442
0.106453379
0.049763926
0.145122907
0.053602588
0.027989923
0.040307348
0.114527308
0.074982906
0.004672482
0.126590138
0.087872472
0.074299316
0.119085755
0.037515564
0.183053797
0.146737654
0.116424950
0.075638475
0.147648896
0.118307867
0.123422491
0.021371871
0.028711447
0.175578271
0.253025391
0.195826890
0.167590477
0.275773598
0.156099710
0.182461723
0.244494742
0.333810295
0.158764576
0.174255089
0.160683361
0.137168118
0.029662211
0.040198907
0.111499931
0.146845560
0.313799722
0.337290328
0.202974639
0.032501164
0.154861105
0.131866271
0.042738529
0.105823025
0.135976115
0.002866030
0.096532769
0.167558554
0.207790957
0.036129389
0.061238028
0.171613615
0.054228954
0.201680932
0.075761760
0.017249675
0.058416924
0.127826451
0.017757509
0.102108806
0.096497119
0.224686940
0.250448527
0.438312038
0.390800046
0.427341321
0.102703920
0.446756726
0.326513728
0.074198225
0.118769853
0.132097172
0.077349332
0.049020146
0.167000429
0.091063445
0.078963778
0.089433698
0.013457241
0.002866044
0.060919514
0.060383099
0.056157884
0.043229957
0.040537732
0.050215255
0.044483417
0.065799195
0.130635030
0.267815974
0.195338377
0.514814102
0.428548190
0.495695587
0.370126690
0.548373977
0.458033642
0.425144125
0.590528458
0.276147798
0.064194952
0.060326447
0.077297668
0.285048061
0.051121867
0.143312135
0.024894516
0.275954887
0.114022921
0.123790010
0.023918776
0.037277954
0.207003839
0.133172895
0.109064715
0.018563159
0.074925992
0.075672154
0.068653606
0.083149215
0.035183254
0.246877777
0.368297947
0.462483988
0.200271092
0.305280185
0.490731997
0.374054274
0.387917413
0.197117997
0.026642174
0.010950759
0.081412107
0.215366356
0.061835671
0.051679224
0.041701816
0.021589014
0.003407523
0.010747954
0.087215651
0.008929480
0.006180839
0.057250708
0.028986225
0.202983665
0.180648715
0.108466122
0.220079782
0.516713253
0.515549874
0.600702005
0.601731638
0.516542119
0.206357850
0.282195716
0.169733231
0.031350684
0.029558063
0.017537754
0.004657845
0.014285648
0.012208086
0.005060427
0.242547552
0.216174344
0.232688928
0.157657205
0.085236803
0.217114226
0.072809885
0.021338373
0.083738010
0.041318957
0.035656393
0.061705456
0.059387949
0.086404401
0.026189331
0.033812297
0.118725002
0.180123263
0.292901060
0.367088838
0.185632835
0.287217594
0.204985791
0.224042806
0.291949867
0.143591374
0.146638429
0.037262789
0.002086039
0.055737461
0.157673367
0.167175151
0.006870366
0.055162249
0.028586364
0.023480750
0.089618593
0.271641404
0.272857525
0.118059218
0.026334145
0.111205984
0.213271985
0.147896493
0.142331493
0.022876072
0.008398899
0.027139508
0.231412090
0.212699840
0.163824085
0.098342105
0.086141602
0.032636596
0.011687879
0.039650075
0.117415098
0.273541889
0.275914250
0.213873476
0.295268068
0.252623005
0.104069168
0.118303039
0.060040148
0.047464049
0.087522008
0.138398463
0.245398162
0.329018575
0.277055603
0.004104261
0.016322499
0.009771256
0.075647471
0.105934253
0.043567865
0.071910619
0.020963594
0.039137046
0.008622254
0.040899735
0.226814364
0.178711002
0.084120921
0.081737351
0.072128307
0.002564529
0.076363331
0.013021790
0.125275647
0.204896919
0.091636964
0.071885325
0.027242926
0.026344188
0.028343922
0.244865601
0.150663851
0.344348330
0.158121276
0.222413122
0.126894601
0.082805098
0.139791804
0.002486718
0.080188050
0.124182718
0.006738857
0.015875430
0.037243882
0.048737201
0.008917219
0.169737462
0.122610913
0.115503021
0.038157653
0.026547266
0.005974061
0.047245511
0.093709918
0.053238778
0.021250603
0.071714057
0.042595737
0.054592885
0.017890311
0.012004638
0.017079599
0.192605322
0.330005804
0.378271966
0.231912975
0.328668784
0.164686760
0.576675467
0.635378777
0.672605123
0.686735659
0.386281904
0.326053901
0.098658643
0.063453895
Done.
