INFO: setting server port as: 2222
INFO: Waiting for incoming connection...
0.041851541
0.133576612
0.018404998
0.121947960
0.087155211
0.088413097
0.060137402
0.206726784
0.105401974
0.077930029
0.062933185
0.194703686
0.200506822
0.167512308
0.153276248
0.152372715
0.029356718
0.062025600
0.300417508
0.253303339
0.289246474
0.287323602
0.195730775
0.321923489
0.248649051
0.238073885
0.142147698
0.124526863
0.001799988
0.005544331
0.294114139
0.384685744
0.064787885
0.119119767
0.093354722
0.003459636
0.223931099
0.186410586
0.111901855
0.064705034
0.015239032
0.176851648
0.065277928
0.186641504
0.218356910
0.184554045
0.163170445
0.214834410
0.210582028
0.285102685
0.020378520
0.210731109
0.177551744
0.184744218
0.027610573
0.030723366
0.021476791
0.027050813
0.044997924
0.197869619
0.162640495
0.254521230
0.311294548
0.040379164
0.038437401
0.022141528
0.023467542
0.109889852
0.199996192
0.280386121
0.485400427
0.527475856
0.536867487
0.598352486
0.484045408
0.335685260
0.092721050
0.074962231
0.019186809
0.143827672
0.117508060
0.014418339
0.020125766
0.011290607
0.004749636
0.006366399
0.213850551
0.229380340
0.045527474
0.143758963
0.067121931
0.050327520
0.008864010
0.118108564
0.404895236
0.489244058
0.356775256
0.127192246
0.334449255
0.148294163
0.113601702
0.342639049
0.057422488
0.147776973
0.109688781
0.023808397
0.021805480
0.031872228
0.022051649
0.083655372
0.152159244
0.385269961
0.272421013
0.200302888
0.074924993
0.050067437
0.156941629
0.054698052
0.076158722
0.022313439
0.055081941
0.030429482
0.016910783
0.003594387
0.099331069
0.084702785
0.017124600
0.082330006
0.033288498
0.018941698
0.096313401
0.024843006
0.007759462
0.175007187
0.107778480
0.037511511
0.082983177
0.028513626
0.028467246
0.017655359
0.000416526
0.033686256
0.047912328
0.209479919
0.100186614
0.096587960
0.188330583
0.273972310
0.019080995
0.066297649
0.196211243
0.280623500
0.071655849
0.026790648
0.056609337
0.157620761
0.030539021
0.096161700
0.058908755
0.056625026
0.107472462
0.021028073
0.010882906
0.037365413
0.224068813
0.206983051
0.142161516
0.034106375
0.089672300
0.025028407
0.006393890
0.086925431
0.086733124
0.008014008
0.227253519
0.113616033
0.119655891
0.014378202
0.082004369
0.019533694
0.046401641
0.041911419
0.032995843
0.084932532
0.034520495
0.012307933
0.000563051
0.124192013
0.010261843
0.106493059
0.049788938
0.139754208
0.053634114
0.008330850
0.040342889
0.103324074
0.025298631
0.004680567
0.126597982
0.048811817
0.074337106
0.105541142
0.037558742
0.183092795
0.107910425
0.062283115
0.075680055
0.147681803
0.089813674
0.087154346
0.021408566
0.028754411
0.175615884
0.205713585
0.103321918
0.125646352
0.201940095
0.020930664
0.079103227
0.117488558
0.194362830
0.042850783
0.047534096
0.040721866
0.014118069
0.001341123
0.040237443
0.111544615
0.107848462
0.242478757
0.179867355
0.031274969
0.000619655
0.154896649
0.085871103
0.042783527
0.105867475
0.094498268
0.002897291
0.096574166
0.160566070
0.178544126
0.000590745
0.025587671
0.162515032
0.034912049
0.176108265
0.031427351
0.017294894
0.058455340
0.109556949
0.017787048
0.102145835
0.066171026
0.224732656
0.217749178
0.377162715
0.243767529
0.207228917
0.075327660
0.446797414
0.211845846
0.074240686
0.118805782
0.132144477
0.077389653
0.016396915
0.167034154
0.091105795
0.079006932
0.086550878
0.013499083
0.002904836
0.060952960
0.060424196
0.056191095
0.030460943
0.040579516
0.050260290
0.044518686
0.049187278
0.105484760
0.240788938
0.076963201
0.444424931
0.288648973
0.349327518
0.114073478
0.265354591
0.068420551
0.158529743
0.262080636
0.121506952
0.064242234
0.054207993
0.052418480
0.285091800
0.051158356
0.121600939
0.024935981
0.275990392
0.043010012
0.067485593
0.017782123
0.037315817
0.207047056
0.077845882
0.028393152
0.018599170
0.074963158
0.075703133
0.068693452
0.076697499
0.035219680
0.244863791
0.365326217
0.360968088
0.049627561
0.134293619
0.281107220
0.055265741
0.051039686
0.114856590
0.026679068
0.010987656
0.081448149
0.215462238
0.027752202
0.019017573
0.016264075
0.021626764
0.001268519
0.010765194
0.087246068
0.008969372
0.006217909
0.057282051
0.029028209
0.203012701
0.150708016
0.047226435
0.155061928
0.516753306
0.468384660
0.549650114
0.526647117
0.312548478
0.004401471
0.135638288
0.095568272
0.031335043
0.029595794
0.017581033
0.004696285
0.014373973
0.012309059
0.005098659
0.242581107
0.216214737
0.226560915
0.083703041
0.054019928
0.217170795
0.072857557
0.021375249
0.083779806
0.008483416
0.035700890
0.061739901
0.034755535
0.086444688
0.026229748
0.033852328
0.118767557
0.154286771
0.235085029
0.307518855
0.092004581
0.157099059
0.024778374
0.060299310
0.120076755
0.143636406
0.111342410
0.037299108
0.002129184
0.055772079
0.157160692
0.129540206
0.006904348
0.055190821
0.005918401
0.023523570
0.080211421
0.271681330
0.262461847
0.118110375
0.000695742
0.111240473
0.213308874
0.129243816
0.112821272
0.022910972
0.008437992
0.027169362
0.231438542
0.192348473
0.155626279
0.098378555
0.047598205
0.032747756
0.011716358
0.039682667
0.108364439
0.248718025
0.238077550
0.082457706
0.239170454
0.156414928
0.060406366
0.070467268
0.014661809
0.047510154
0.087552189
0.137851027
0.230398544
0.304598909
0.168357026
0.004137250
0.016349391
0.009785891
0.075682228
0.100540530
0.043608071
0.071942616
0.021002810
0.039172569
0.008664320
0.040941436
0.226849447
0.148499107
0.084150146
0.081775215
0.072169895
0.002604100
0.076404318
0.013060110
0.125309184
0.181574946
0.091673471
0.050133233
0.009101936
0.026385253
0.028394332
0.244900736
0.059030941
0.229644744
0.029195921
0.086296968
0.022200370
0.082834747
0.139838589
0.002515181
0.080217752
0.124210145
0.006719915
0.015919906
0.037281814
0.039774841
0.008955975
0.169771862
0.080413455
0.115544455
0.038194952
0.026581838
0.006005410
0.047268680
0.093740810
0.053278199
0.021287255
0.071754542
0.012385295
0.054632577
0.017930180
0.012042144
0.017121340
0.192639440
0.329734402
0.341497049
0.082501640
0.158609411
0.164706254
0.563842176
0.597662362
0.552592017
0.499526745
0.018034668
0.014121870
0.032729993
0.063478655
Done.
