INFO: setting server port as: 2222
INFO: Waiting for incoming connection...
0.041869632
0.133557338
0.018433403
0.121914227
0.121146744
0.149512173
0.101382198
0.232354753
0.105367600
0.077903540
0.075640615
0.208780257
0.226880075
0.208070303
0.205419532
0.152340950
0.061702380
0.061989785
0.300378988
0.309950145
0.374718882
0.435140091
0.386166877
0.540118717
0.513845352
0.509292869
0.475565020
0.475744671
0.109198057
0.103573792
0.295577710
0.408824024
0.086008720
0.153324787
0.166751640
0.050333969
0.223885950
0.234319571
0.111863069
0.092538708
0.015199168
0.176815077
0.113569425
0.186612413
0.239986182
0.242121599
0.163142931
0.214789733
0.258801046
0.375664732
0.203805782
0.304630615
0.177506799
0.198010710
0.054730901
0.030691794
0.021436667
0.027015019
0.044963924
0.197830413
0.178087773
0.279032163
0.392809729
0.040345011
0.038387240
0.022114930
0.023429324
0.109854079
0.213745838
0.305301051
0.525244056
0.573773298
0.587655376
0.665282704
0.684169934
0.624880733
0.466931151
0.457364129
0.354047328
0.484721971
0.498994651
0.371354155
0.381512281
0.011271948
0.004732678
0.006376237
0.213833062
0.229717956
0.120953852
0.234032608
0.067077824
0.050287435
0.008828320
0.118012365
0.404826493
0.519393118
0.458610243
0.343808801
0.554071701
0.403703016
0.172897394
0.342613907
0.057378436
0.147741768
0.124572807
0.023834090
0.021775941
0.031837989
0.022013336
0.083634431
0.158551797
0.412748432
0.359449464
0.314709000
0.177800463
0.121479861
0.156903171
0.088840979
0.076113278
0.027811993
0.055053986
0.030334736
0.016882890
0.003577758
0.099309232
0.094838056
0.017091106
0.082288684
0.033255170
0.018903399
0.096284054
0.024870101
0.007719366
0.174968247
0.132878703
0.037479081
0.092779765
0.028475061
0.028438671
0.017609963
0.000381276
0.033644537
0.047896794
0.222522335
0.100148130
0.096562287
0.199078839
0.325058858
0.019048283
0.066243038
0.196180319
0.309992120
0.071611973
0.026748745
0.056578149
0.157592089
0.082430304
0.096117146
0.075434382
0.056596769
0.107433209
0.021003891
0.010846858
0.037326830
0.236426841
0.252063955
0.142112156
0.034083905
0.089701016
0.031105886
0.006362367
0.086904227
0.096226487
0.028869638
0.227206481
0.160013727
0.133555386
0.014337867
0.081968073
0.019503782
0.046362898
0.041871282
0.032964379
0.084903231
0.034481080
0.012277671
0.000553567
0.124167173
0.010227026
0.106453884
0.049769446
0.143928767
0.053595654
0.022346468
0.040311671
0.112036461
0.063940121
0.004663023
0.126581271
0.073292768
0.074308028
0.116076969
0.037517425
0.183057458
0.138103572
0.092369054
0.075644509
0.147656272
0.111978854
0.115362101
0.021382255
0.028714482
0.175582115
0.242510939
0.175266557
0.125590222
0.226688401
0.083603491
0.101195747
0.157975399
0.244525212
0.042805664
0.052976163
0.040633309
0.014082234
0.001325318
0.040226488
0.111498584
0.138167950
0.297938543
0.302294279
0.140398010
0.000584982
0.154865408
0.113743256
0.042738773
0.105824429
0.125273948
0.002865071
0.096532979
0.165995904
0.201282035
0.000930269
0.026011125
0.162473109
0.034874504
0.177566164
0.031386911
0.017274508
0.058425651
0.123767419
0.017749707
0.102056073
0.084500318
0.224696502
0.218478373
0.400021247
0.333422777
0.353726610
0.075309873
0.446757395
0.301023929
0.074202796
0.118773143
0.132100860
0.077345835
0.041761684
0.167004469
0.091070364
0.078980402
0.086528497
0.013462439
0.002873185
0.060928554
0.060382891
0.056160058
0.040387235
0.040541082
0.050221419
0.044489648
0.062104480
0.120183146
0.256946024
0.164167199
0.462837627
0.361123807
0.426828931
0.276881397
0.449131000
0.335103831
0.270327276
0.421971117
0.121469831
0.064202078
0.054173416
0.065257772
0.285056647
0.051125848
0.138484149
0.024923444
0.275966632
0.079893358
0.080057756
0.017739007
0.037279925
0.207003579
0.107910580
0.078166218
0.018571715
0.074922109
0.075671520
0.068661230
0.081711873
0.035185840
0.246421388
0.367625105
0.439912424
0.125742443
0.226226447
0.395760620
0.254837731
0.264684770
0.114821590
0.026642727
0.010946735
0.081422418
0.215428003
0.031702601
0.018980478
0.016228183
0.021589523
0.001174557
0.010742608
0.087215874
0.008930906
0.006198444
0.057257026
0.028995231
0.202994718
0.173998263
0.081928950
0.192702989
0.516717012
0.505079856
0.589380438
0.585071893
0.471238475
0.108643616
0.174536041
0.095533192
0.031350060
0.029559813
0.017560877
0.004682417
0.014348937
0.012271062
0.005063621
0.242553950
0.216188400
0.231332611
0.141228251
0.053984439
0.217131011
0.072816410
0.021345435
0.083740318
0.034017198
0.035659755
0.061643509
0.053840906
0.086355337
0.026197170
0.033815299
0.118734814
0.174384360
0.280054172
0.353855062
0.126844009
0.219197414
0.119141450
0.131313456
0.197408335
0.143614234
0.128632880
0.037259206
0.002099149
0.055736155
0.157550696
0.158801850
0.006869929
0.055168559
0.023548119
0.023494088
0.087529453
0.271640140
0.270535257
0.118058257
0.010951904
0.111208176
0.213276244
0.129210785
0.121226784
0.022828478
0.008405683
0.027147396
0.231411621
0.208170511
0.155580686
0.098350930
0.076201645
0.032702222
0.011689944
0.039646550
0.115394026
0.268012005
0.267491344
0.184657368
0.239775709
0.188215592
0.060369986
0.073679660
0.014620894
0.047470710
0.087508005
0.138255414
0.242041026
0.323565610
0.234897083
0.004113956
0.016319424
0.009752850
0.075656381
0.100499646
0.043569375
0.071862117
0.020916135
0.039151931
0.008629724
0.040898760
0.226822775
0.148456337
0.084114367
0.081734929
0.072128353
0.002568687
0.076377933
0.013026762
0.125275115
0.199709733
0.091640308
0.067038397
0.013455811
0.026346533
0.028352118
0.244861964
0.125141282
0.312851139
0.090740572
0.151383896
0.036264022
0.082785914
0.139790509
0.002501361
0.080189881
0.124169843
0.006731677
0.015880026
0.037254532
0.044051900
0.008932297
0.169747725
0.113237539
0.115507488
0.038155619
0.026552952
0.005968243
0.047255656
0.093705514
0.053245185
0.021253496
0.071719424
0.035875870
0.054595936
0.017896857
0.012009163
0.017029090
0.192610758
0.329936006
0.370087441
0.198697196
0.290878926
0.164690569
0.573815532
0.626969978
0.645906850
0.645104576
0.291587254
0.218985953
0.032691224
0.063441590
Done.
