INFO: setting server port as: 2222
INFO: Waiting for incoming connection...
0.041869079
0.133557705
0.018364136
0.121917231
0.138161812
0.180087862
0.158998605
0.308882427
0.105373969
0.077902162
0.081999411
0.215822917
0.240071102
0.228370881
0.231513509
0.152334079
0.091668961
0.061983214
0.300384609
0.338302986
0.417490414
0.509083200
0.481411489
0.649245211
0.691672248
0.690130754
0.687511264
0.696587916
0.422100529
0.419238963
0.636747282
0.761337339
0.535388735
0.615623057
0.648642058
0.562162663
0.691174665
0.725587875
0.503514786
0.498122488
0.385547620
0.416750085
0.377665266
0.343292643
0.407498558
0.427610393
0.198888096
0.279745107
0.347879626
0.485918261
0.362091919
0.490363552
0.292695373
0.319853864
0.219271079
0.129071386
0.021446610
0.027016202
0.045951134
0.197830396
0.185843110
0.291326153
0.433605532
0.040345537
0.038402851
0.022107942
0.023421298
0.109862988
0.220642791
0.317784522
0.545198855
0.596958265
0.613087426
0.698793272
0.784283481
0.769525153
0.654083018
0.648603149
0.575884130
0.709576624
0.749642244
0.657509064
0.669894347
0.011270253
0.004715104
0.006361450
0.213818994
0.229875632
0.158659575
0.279158574
0.067076377
0.061680341
0.008827539
0.118072038
0.428270103
0.557979172
0.533052592
0.475652461
0.687420355
0.611699449
0.466974984
0.342605898
0.107817549
0.147756099
0.132045341
0.023845468
0.021765412
0.031839729
0.022015878
0.083605527
0.161732444
0.426491924
0.402992972
0.371941875
0.287967185
0.258219111
0.156905032
0.105923468
0.110707857
0.080029942
0.055050161
0.030388642
0.016871238
0.003530846
0.099314750
0.117112078
0.017084732
0.082292014
0.033244828
0.018904089
0.096272327
0.024873144
0.007728566
0.174976761
0.145461750
0.038018507
0.098229141
0.028471472
0.028438352
0.017624634
0.000387554
0.033646715
0.047877151
0.231189999
0.100153251
0.096549854
0.204445611
0.350670403
0.019038722
0.066264572
0.196178753
0.324689088
0.095733878
0.036226012
0.070526028
0.157586936
0.108492162
0.118902305
0.106507101
0.056590737
0.107429334
0.020993046
0.010848760
0.037337504
0.242636371
0.274639716
0.142110376
0.034080283
0.089692553
0.051990284
0.006355588
0.086900486
0.100975048
0.052450701
0.229268066
0.185350161
0.195403962
0.075279818
0.081968248
0.019502477
0.046367982
0.041869416
0.032954479
0.084896297
0.034489565
0.012278007
0.000551466
0.124180073
0.010227353
0.106449140
0.049768178
0.146025405
0.053604017
0.032220651
0.040305239
0.116396343
0.083265823
0.004657425
0.126583430
0.098793157
0.074299648
0.121350757
0.050762235
0.183058469
0.153220319
0.134468614
0.092424628
0.147643881
0.123163823
0.129577427
0.021376346
0.028723497
0.175578653
0.260919689
0.211255497
0.202236919
0.315736363
0.213622669
0.246573237
0.312547907
0.403939328
0.256178015
0.275669828
0.268871781
0.250047688
0.156132007
0.094939204
0.146573561
0.188422515
0.360766053
0.398611767
0.284979788
0.135877241
0.160885282
0.151482068
0.073713211
0.105830585
0.144049139
0.002867733
0.096537097
0.168736028
0.212681245
0.062538228
0.087665278
0.204544428
0.106184860
0.257206637
0.150943896
0.035705767
0.058418182
0.130947626
0.017747525
0.102110709
0.105472444
0.224695095
0.274439383
0.467041122
0.433845909
0.482566439
0.207912696
0.446767215
0.345640743
0.076448433
0.118767835
0.132097551
0.077352054
0.054470542
0.167002542
0.091064735
0.078973876
0.098942564
0.013455360
0.002879080
0.060930134
0.060384082
0.056175537
0.045382212
0.040538145
0.050216442
0.044484210
0.068575591
0.138477044
0.275974551
0.218721135
0.553804522
0.479128004
0.547354482
0.440065188
0.622808277
0.550238640
0.541262611
0.716955865
0.457047153
0.234484556
0.237859407
0.259247538
0.285002009
0.066436554
0.162252628
0.024895548
0.275964331
0.139636136
0.156602748
0.071421764
0.037283445
0.207008179
0.152125114
0.132242071
0.018566485
0.074937714
0.075677714
0.068650246
0.084230031
0.035183821
0.247218675
0.368803642
0.479416263
0.256166772
0.364568790
0.561964932
0.463482300
0.480359558
0.327751014
0.067205630
0.010949039
0.081432476
0.215423474
0.084539991
0.078018645
0.071310419
0.021593055
0.005830156
0.010753836
0.087214971
0.018625196
0.006189473
0.057259436
0.028987345
0.202982681
0.185644223
0.128373781
0.240617291
0.547071372
0.553772221
0.639574544
0.644613660
0.580913766
0.310035836
0.393334167
0.306860332
0.188176938
0.029561213
0.017540253
0.004661453
0.014355416
0.013185915
0.005062104
0.242555814
0.216171301
0.233716449
0.169989171
0.113360969
0.220603634
0.082047734
0.021352591
0.083744202
0.046803542
0.035663107
0.061702755
0.063500435
0.086343625
0.026195699
0.033809580
0.118729790
0.184438911
0.302551446
0.377030607
0.229740180
0.338249422
0.269381145
0.293582154
0.362847329
0.230669070
0.247236540
0.037263954
0.002087927
0.055739437
0.157764546
0.173454428
0.006818054
0.055164194
0.032373961
0.023489226
0.091201136
0.271650804
0.274609835
0.139981263
0.059791084
0.111210753
0.216389185
0.175322451
0.171569791
0.022869774
0.008399518
0.027133071
0.231407679
0.216096009
0.192767626
0.098354916
0.093612393
0.050020652
0.011683955
0.039644820
0.118924217
0.277682372
0.282224165
0.235779045
0.336878461
0.300918053
0.178465096
0.193399539
0.144240998
0.116305023
0.157675321
0.208643910
0.318053617
0.403243650
0.378803535
0.081523090
0.089678746
0.009738671
0.075650711
0.114704596
0.043569848
0.071912721
0.020964693
0.039140763
0.008626929
0.040900901
0.226821916
0.203274678
0.084110079
0.081737316
0.072127290
0.002565888
0.076377812
0.013027751
0.125278425
0.208795654
0.091633414
0.075511721
0.037571329
0.026340653
0.028352472
0.245297192
0.170236145
0.368398272
0.209085502
0.276114712
0.195295748
0.082784572
0.139791396
0.002487842
0.080187920
0.124178065
0.006737358
0.015887523
0.037249308
0.052263410
0.008916991
0.169747215
0.129655528
0.128152478
0.038157728
0.026551559
0.005964641
0.047246919
0.093702426
0.053242663
0.021250239
0.071714223
0.047642550
0.057372183
0.017890735
0.012004887
0.017081384
0.192600688
0.330040851
0.384389617
0.256800468
0.357020024
0.164676736
0.578800508
0.641631714
0.692570444
0.717896705
0.457239591
0.406283492
0.211386754
0.134781076
Done.
