INFO: setting server port as: 2222
INFO: Waiting for incoming connection...
0.041843569
0.133567922
0.018450274
0.121952340
0.067389607
0.082713280
0.060128714
0.206718055
0.105390938
0.077930748
0.024759229
0.152422341
0.121317537
0.045708197
0.020611261
0.152363148
0.029357009
0.062017637
0.300422431
0.123075395
0.122553195
0.185216554
0.036321469
0.209580147
0.248637091
0.219980608
0.090804269
0.035857767
0.001800490
0.005548577
0.294101744
0.316625606
0.064773118
0.119125555
0.091921447
0.003441293
0.223924284
0.106473143
0.111894449
0.036526971
0.015230722
0.176855427
0.033524302
0.186635742
0.153339202
0.074132875
0.163165420
0.214824629
0.140617118
0.201672166
0.020368130
0.210713938
0.177524606
0.144775691
0.027606271
0.030725179
0.021467692
0.027043799
0.044998127
0.197859287
0.116167807
0.180818871
0.227898851
0.040376101
0.038433995
0.022132036
0.023460403
0.109884571
0.158665093
0.205528195
0.365721172
0.388439885
0.384333241
0.397355416
0.285406839
0.118942985
0.012182959
0.006892403
0.019187446
0.142851576
0.117507988
0.014417867
0.019151486
0.011281761
0.004736046
0.006366865
0.213848659
0.228343941
0.041527447
0.142860782
0.067112604
0.050317131
0.008855117
0.118100187
0.404827424
0.398466660
0.082716090
0.114904511
0.313150499
0.148281947
0.113595010
0.342629577
0.057410316
0.147776896
0.064914573
0.023857386
0.021796649
0.031865574
0.022047209
0.083654525
0.132887247
0.302709108
0.065932875
0.010117571
0.074925318
0.050052989
0.156921286
0.000377776
0.076144840
0.022309055
0.055076306
0.030425255
0.016905534
0.003585242
0.099325938
0.084648287
0.017117353
0.082325557
0.033274728
0.018941259
0.096307959
0.024910920
0.007749562
0.174990497
0.032304155
0.037500819
0.075057237
0.028507662
0.028460201
0.017649173
0.000404444
0.033617052
0.047905686
0.209474594
0.100177939
0.096575756
0.156043709
0.206795385
0.019019203
0.066286245
0.196195669
0.192401804
0.071644042
0.026796236
0.056611477
0.157618946
0.028766322
0.096157519
0.012577047
0.056615153
0.107470062
0.021022354
0.010878250
0.037354666
0.223998188
0.108715541
0.142142461
0.034100593
0.089724414
0.025074733
0.006382819
0.086925644
0.058212804
0.008077293
0.227241746
0.025810361
0.119651881
0.014357103
0.081984882
0.019528886
0.046392777
0.041900301
0.032985812
0.084933343
0.034501207
0.012287520
0.000557212
0.124180432
0.010248899
0.106489302
0.049791308
0.127142899
0.053628308
0.008317167
0.040336355
0.089297713
0.011875508
0.004676438
0.126551116
0.048747300
0.074268148
0.073760932
0.037575970
0.183097500
0.017240688
0.062269710
0.075626819
0.147691301
0.023293045
0.015596662
0.021422442
0.028758882
0.175617466
0.140692202
0.003203358
0.125639099
0.150829151
0.020932583
0.079106240
0.093673149
0.141494346
0.042850237
0.047538263
0.040728623
0.014121116
0.001339294
0.040246019
0.111539785
0.087518855
0.210169872
0.138424747
0.031268623
0.000619378
0.154894434
0.085870813
0.042779990
0.105855912
0.094498192
0.002899753
0.096570714
0.144142698
0.110182747
0.000593843
0.025297952
0.162517501
0.034910547
0.176126436
0.031428464
0.017295522
0.058457412
0.093941394
0.017791188
0.102139811
0.066177808
0.224737915
0.217742328
0.310820002
0.067139095
0.134094001
0.075336114
0.446803724
0.032809631
0.074244158
0.118801751
0.132141034
0.077397356
0.015336030
0.167036270
0.091104988
0.079018217
0.086563343
0.013498864
0.002942174
0.060949118
0.060422477
0.056193588
0.004217392
0.040583985
0.050261921
0.044520400
0.043625723
0.105482568
0.236392976
0.049445093
0.444436762
0.126438279
0.171981097
0.020795349
0.214338059
0.051904724
0.158534022
0.247962171
0.121458870
0.064238313
0.054204719
0.052415587
0.285084342
0.051159263
0.121304031
0.024932342
0.275979373
0.043010528
0.067483452
0.017775948
0.037316881
0.207058729
0.077847333
0.009798356
0.018603186
0.074955107
0.075704555
0.068689765
0.061528241
0.035219270
0.240092685
0.358268266
0.225707586
0.049628055
0.132267051
0.281117656
0.028988516
0.038087750
0.114853201
0.026680264
0.010981791
0.081457416
0.215461548
0.027748015
0.019017273
0.016272011
0.021634265
0.001271479
0.010770743
0.087253091
0.008970969
0.006202356
0.057279647
0.029019151
0.203016480
0.080754494
0.047221853
0.146223400
0.516744291
0.358217661
0.430405801
0.351329788
0.086809977
0.004395682
0.135629603
0.095562855
0.031385324
0.029586086
0.017566793
0.004687669
0.014367134
0.012304073
0.005089891
0.242572785
0.216205647
0.212141345
0.015514386
0.054012638
0.217171513
0.072853728
0.021381692
0.083777712
0.001510725
0.035697709
0.061728088
0.030692504
0.086445788
0.026228271
0.033845671
0.118762977
0.095992056
0.155534084
0.223910424
0.091990121
0.157096817
0.024771762
0.060302574
0.101056683
0.143627783
0.111330821
0.037297763
0.002119336
0.055764112
0.155890158
0.059111902
0.006897630
0.055183295
0.003798825
0.023516632
0.078836298
0.271675976
0.238081195
0.118100354
0.000692055
0.111240839
0.213316124
0.129230929
0.087452429
0.022921331
0.008377227
0.027172449
0.231441363
0.144755757
0.155624373
0.098372681
0.047597087
0.032740084
0.011705812
0.039681735
0.089955840
0.193496643
0.152465310
0.062832488
0.239159764
0.062787510
0.060399047
0.060709021
0.014653426
0.047508414
0.087543171
0.136465124
0.195281670
0.247499714
0.168340889
0.004133650
0.016351373
0.009775129
0.075677985
0.100540003
0.043600880
0.071943437
0.020996886
0.039172301
0.008655183
0.040932676
0.226850509
0.148498328
0.084145781
0.081774149
0.072167673
0.002596877
0.076409671
0.013065936
0.125311465
0.127078665
0.091672284
0.009376354
0.009096098
0.026366067
0.028387634
0.244903656
0.059029981
0.229641279
0.029182916
0.086243806
0.022205164
0.082822335
0.139828119
0.002516188
0.080210361
0.124155884
0.006758731
0.015918537
0.037272665
0.039775035
0.008965572
0.169773110
0.009269085
0.115542681
0.038193685
0.026590490
0.005992751
0.047273529
0.093731096
0.053273396
0.021287354
0.071753863
0.011339701
0.054624944
0.017929791
0.012048542
0.017115140
0.192636158
0.329027198
0.255612061
0.003931949
0.124436651
0.164715128
0.533873803
0.509617820
0.272509754
0.103817847
0.018039450
0.014123392
0.032734997
0.063478268
Done.
