INFO: setting server port as: 2222
INFO: Waiting for incoming connection...
0.041829387
0.133570776
0.024552704
0.121926559
0.155178138
0.210670902
0.216630404
0.385423970
0.237262170
0.230931925
0.241385845
0.375896247
0.406301741
0.401709008
0.410645210
0.152296822
0.121603586
0.104487232
0.320223593
0.386489760
0.480096541
0.602867632
0.596481000
0.778193796
0.889326168
0.890788763
0.919277992
0.937243206
0.754810201
0.754706562
0.997717173
1.133649907
1.004581491
1.097754197
1.150386197
1.093851642
1.254471064
1.312870172
1.202089914
1.210634050
1.140620716
1.220339749
1.205422307
1.244686689
1.319723421
1.357802097
1.259674980
1.385153365
1.477415064
1.636630976
1.560834416
1.716549324
1.643913626
1.677726457
1.619838563
1.569911106
1.462792461
1.440360852
1.467944506
1.597966151
1.593707761
1.703724319
1.874509196
1.566162972
1.508362502
1.414941347
1.409261022
1.445850417
1.563518000
1.666252161
1.901139187
1.956127193
1.974508759
2.068296457
2.220401554
2.250168438
2.177226478
2.175829233
2.133711206
2.270433855
2.336279082
2.279617146
2.294216151
1.309162393
1.129875995
0.626224911
0.669589376
0.685818057
0.652153773
0.780068697
0.643562084
0.656699342
0.593271629
0.614365405
0.956082504
1.100901031
1.111826130
1.111829440
1.325099526
1.324016580
1.265366583
1.284209831
1.146773349
1.202842144
1.194590225
1.035203643
0.969473190
0.918483902
0.839911193
0.890242149
0.971583680
1.246881017
1.253142826
1.235774624
1.204735962
1.201552732
1.117699838
1.083797713
1.112336231
1.099289771
1.004995086
0.941524027
0.903510113
0.803222238
0.821411409
0.861469632
0.785089430
0.831777076
0.786667481
0.696151023
0.679955902
0.493306915
0.412711857
0.524247798
0.507297534
0.448131217
0.513255580
0.470013139
0.406837318
0.299776023
0.266741661
0.033599681
0.047838500
0.239841690
0.100167292
0.096512577
0.209793765
0.376129238
0.156296602
0.066275457
0.196196281
0.339408501
0.210622509
0.179837310
0.221533741
0.212434191
0.189185071
0.228138548
0.224037187
0.172195924
0.202548110
0.071715057
0.066131774
0.045869820
0.257367973
0.305735004
0.248510314
0.131423995
0.163932488
0.147119527
0.075164115
0.148322417
0.167162113
0.137470673
0.331059919
0.310307685
0.356855374
0.281523740
0.307716080
0.148308687
0.133821402
0.107662208
0.032920907
0.094406907
0.034451844
0.012237138
0.000498745
0.124127156
0.010178724
0.106476400
0.049727146
0.148091174
0.053570132
0.042055097
0.040274952
0.120738521
0.102575725
0.004666969
0.126775918
0.124484661
0.100554987
0.152883194
0.118308612
0.225957273
0.211226809
0.219446527
0.216605796
0.283784359
0.270276220
0.279712696
0.086553602
0.060422653
0.175539765
0.279293133
0.247219846
0.283057429
0.408963653
0.347823851
0.396118509
0.471290772
0.567528730
0.483223819
0.512018504
0.521027007
0.513147998
0.450946805
0.423530374
0.495100795
0.552134316
0.737051395
0.808389383
0.743020611
0.643780288
0.712044789
0.734364617
0.696739819
0.741576404
0.798492100
0.666366559
0.748994691
0.823927906
0.876530559
0.776596749
0.801775091
0.933834322
0.879866528
1.039212208
0.978818947
0.907718096
0.785814949
0.865395864
0.735918605
0.642519228
0.666765355
0.722056697
0.827760097
1.031424317
1.031644083
1.108790619
0.950761817
1.257215500
1.200694520
1.045939006
0.991802215
1.039207984
0.992023181
0.981831155
1.095772179
1.054492810
0.961402770
1.003527476
0.941193080
0.879529720
0.868273676
0.827999667
0.735124892
0.729302526
0.710268057
0.620085000
0.579896537
0.610468345
0.692195180
0.830433805
0.808716677
1.180213686
1.132573327
1.203328673
1.138700704
1.331938871
1.300827100
1.347652019
1.547400761
1.414590641
1.287592171
1.307878543
1.339576042
1.375209996
1.246507858
1.350782025
1.249340962
1.329258046
1.252677553
1.286442688
1.235545181
1.191638393
1.344401395
1.333719567
1.323695938
1.175044222
1.210918827
1.199861464
1.174383553
1.192492962
1.158508769
1.371331810
1.493303080
1.642250949
1.509927795
1.626244720
1.851520888
1.795499366
1.819406245
1.755918677
1.591071813
1.548111741
1.385226208
1.433275866
1.355224447
1.357177312
1.358086295
1.297616236
1.287483292
1.053458767
1.125983605
1.083205501
0.883656266
0.861448977
0.848651339
1.003750284
0.998063076
0.975578218
1.089295835
1.465823982
1.490887571
1.578208769
1.592594442
1.579035576
1.399873794
1.500582331
1.474744275
1.406046709
1.240078501
1.141177621
1.007631090
0.947356545
0.950639712
0.932299858
1.100654738
1.133160442
1.153105956
1.115761310
1.095979794
1.239826731
1.171704734
1.130663026
1.105399833
1.081230356
1.052441144
0.890627169
0.902013408
0.945651021
0.876837467
0.861751364
0.879189142
0.954958027
1.085500237
1.160655780
1.093093063
1.217760808
1.180072930
1.216268016
1.288723633
1.248463296
1.296601284
1.067686856
1.034564791
1.086490081
1.188728836
1.218860394
1.082685955
1.085249546
1.071281660
0.880608312
0.951989161
1.120017415
1.127027138
1.076606060
1.023344160
1.009236549
1.150424258
1.166092423
1.166561938
0.945452115
0.926981558
0.815756990
0.932653566
0.925262912
0.961553220
0.729065429
0.741733603
0.723554756
0.646715271
0.609823903
0.692636894
0.857535894
0.867149082
0.857099438
1.004188609
0.983834143
0.922302657
0.938854652
0.910932021
0.908105505
0.964836057
1.016043513
1.131080067
1.219938377
1.259733532
1.062892847
1.073748176
1.021016828
0.877484681
0.936992086
0.895725562
0.902950227
0.779808048
0.606771375
0.485554740
0.486284837
0.575521654
0.609304593
0.535647159
0.512866580
0.524430718
0.468753805
0.452198296
0.347622162
0.460352084
0.552959489
0.489554614
0.481903313
0.459606671
0.303113718
0.276932136
0.503156822
0.472751396
0.681369551
0.584847347
0.658262148
0.611748095
0.522226481
0.568544973
0.422020527
0.378446357
0.428155551
0.314555829
0.302480935
0.162954777
0.186183505
0.146254754
0.229023571
0.205346726
0.242823425
0.144335040
0.128407744
0.092519738
0.063407573
0.093663155
0.053268980
0.023003974
0.071691330
0.059387209
0.084049630
0.017865370
0.012022098
0.017050003
0.192608881
0.330175469
0.398736704
0.314953099
0.423203881
0.320160398
0.739273352
0.811796037
0.894749372
0.946202620
0.778397685
0.749097641
0.630037078
0.600085158
Done.
