INFO: setting server port as: 2222
INFO: Waiting for incoming connection...
0.041867843
0.133550595
0.018416023
0.121926256
0.143850719
0.190289383
0.178182117
0.334370030
0.105370439
0.077896494
0.084112742
0.218165134
0.244463939
0.235129838
0.240203315
0.152327092
0.101652221
0.061983214
0.300376962
0.347748271
0.431741950
0.533723651
0.513135326
0.685591962
0.750921067
0.750386151
0.758134623
0.770172598
0.526369563
0.524428316
0.750428907
0.878794691
0.685137958
0.769690928
0.809248724
0.732751701
0.872299745
0.914709399
0.729730692
0.728984817
0.630599414
0.677974644
0.646942086
0.637112257
0.704926664
0.731023510
0.545830472
0.641560404
0.717735929
0.862833836
0.755014143
0.892433265
0.736442737
0.765819273
0.679466871
0.602689409
0.452739450
0.413851086
0.435668202
0.543099219
0.533677198
0.640670210
0.792447980
0.367903024
0.278072148
0.146165713
0.130812621
0.143006590
0.256080314
0.355081186
0.584984182
0.637816474
0.654696092
0.743095394
0.850786236
0.850869737
0.749596858
0.745481438
0.682964840
0.817664542
0.866315593
0.785993056
0.799115574
0.011251026
0.004717908
0.006356380
0.213824350
0.229940442
0.171239584
0.294211929
0.089866563
0.090647341
0.008819750
0.118072108
0.438769161
0.573518316
0.560538509
0.522270133
0.734537232
0.683689322
0.567653253
0.478604088
0.276261818
0.301791599
0.288570935
0.068132760
0.021761978
0.031834362
0.022010187
0.083623974
0.162822117
0.431084973
0.417496138
0.391008064
0.324676224
0.303784930
0.156890274
0.111603847
0.124305480
0.099506088
0.055043022
0.030385612
0.016869565
0.003557272
0.099296290
0.124515635
0.017018774
0.082290078
0.033257160
0.018901997
0.096281121
0.024862642
0.007723108
0.174970584
0.149646490
0.058295081
0.120144358
0.053027276
0.028429599
0.017613414
0.000374000
0.033640938
0.047871002
0.234082459
0.100149970
0.096544697
0.206237130
0.359117659
0.059684059
0.066255773
0.196172429
0.329584393
0.134016721
0.084083802
0.120852074
0.157583491
0.117030949
0.136954758
0.127325720
0.056582872
0.107428199
0.020986189
0.010782768
0.037329627
0.244695106
0.282151752
0.158499366
0.034066387
0.089689791
0.058949687
0.006352521
0.086899168
0.102563205
0.060314832
0.242722169
0.206492278
0.228702688
0.123503919
0.131130457
0.019491318
0.046365411
0.041865003
0.032954003
0.086656063
0.034495061
0.012286122
0.000547141
0.124163231
0.010220732
0.106452494
0.049764476
0.146724367
0.053598007
0.035504492
0.040302594
0.117852236
0.089711450
0.004652966
0.126579508
0.107290557
0.074299474
0.123112580
0.064523982
0.183050735
0.158248797
0.148489532
0.119515583
0.159888840
0.138990817
0.146407463
0.021367089
0.028717796
0.175581813
0.267058061
0.223257647
0.229188418
0.346821079
0.258368950
0.296427195
0.365466245
0.458472323
0.331822228
0.354412516
0.352881787
0.337704977
0.254360885
0.204425542
0.262701842
0.309614491
0.486145461
0.535149749
0.437606616
0.305127281
0.344554645
0.345725312
0.281336923
0.305876268
0.350300427
0.173201542
0.251222378
0.324331847
0.371160389
0.237753321
0.262893525
0.384829459
0.301262787
0.455059337
0.364081879
0.263557960
0.081572954
0.156408032
0.017748242
0.102114309
0.112432560
0.224706532
0.293102790
0.489391677
0.467331538
0.525525763
0.289745236
0.549454805
0.463194071
0.232151535
0.120407618
0.139602977
0.077346326
0.058696126
0.167000290
0.091062464
0.078973749
0.106327813
0.018759642
0.002877892
0.060923825
0.060383857
0.056154191
0.047021885
0.040540221
0.050230327
0.044499321
0.070751366
0.144594795
0.282335583
0.236925373
0.584146650
0.518481995
0.587552432
0.494483909
0.680726826
0.621974676
0.631598406
0.815309417
0.597770338
0.407063106
0.416075571
0.440898916
0.393413546
0.204801139
0.303435091
0.159909933
0.275956906
0.159542945
0.182109745
0.108358682
0.037417158
0.207005412
0.166855918
0.150258593
0.018565699
0.074920327
0.075672555
0.068655697
0.085077793
0.035188164
0.247485784
0.369195641
0.492584264
0.299644462
0.410684753
0.617371109
0.533040344
0.552261154
0.429357276
0.200711049
0.139815658
0.081414685
0.215419499
0.102150456
0.098454028
0.094286067
0.021588991
0.007707782
0.010732034
0.087211354
0.027227725
0.006189330
0.057256952
0.030569795
0.202977049
0.189522661
0.143850711
0.256586697
0.586388521
0.599210487
0.685515562
0.693665404
0.646675741
0.406372094
0.495473554
0.429215794
0.327196032
0.096078937
0.017540189
0.004649247
0.014341396
0.014658000
0.005061882
0.242529549
0.216166059
0.234513798
0.179579648
0.135233075
0.254674982
0.139595623
0.077788913
0.083740153
0.051059338
0.035669841
0.061703015
0.066698343
0.096095486
0.026187801
0.033812127
0.118731250
0.187794656
0.310052251
0.384758113
0.264055474
0.377950757
0.319475702
0.347674448
0.417998233
0.316456241
0.343540624
0.037254888
0.002083756
0.055736712
0.157834399
0.178337788
0.006865911
0.055161128
0.035314124
0.023485453
0.092422843
0.271646899
0.275958519
0.169398378
0.098184603
0.111205723
0.228389483
0.206233136
0.203887947
0.022868839
0.008400378
0.027129832
0.231420195
0.218752802
0.215298347
0.098344305
0.099405340
0.064282065
0.011678374
0.039642047
0.120099203
0.280900676
0.287130202
0.252815901
0.369243568
0.338489904
0.236345638
0.251817925
0.209734475
0.190169155
0.236657694
0.287704732
0.398986376
0.485398532
0.482369073
0.218566789
0.227621931
0.154089779
0.075644392
0.121517215
0.051983911
0.071902923
0.020966516
0.039144452
0.008628306
0.040893264
0.226813423
0.222371073
0.096155869
0.081737589
0.073137823
0.002568592
0.076377692
0.013030172
0.125271717
0.211818462
0.096750463
0.083450353
0.050724734
0.026341216
0.028350305
0.248390417
0.188218319
0.389867326
0.251485343
0.320643096
0.251257745
0.104319220
0.139789806
0.002480638
0.080187271
0.124170919
0.006732392
0.015884613
0.037243926
0.054997983
0.008919779
0.169738051
0.135121040
0.146611575
0.038152603
0.026550152
0.005969388
0.047244514
0.093698565
0.053244544
0.021249098
0.071714954
0.051563100
0.066269506
0.017890934
0.012007159
0.017079111
0.192600210
0.330081012
0.389162532
0.276176350
0.379075238
0.186806497
0.602587899
0.668645753
0.730257778
0.764290770
0.534585200
0.490852913
0.321235302
0.260181199
Done.
