INFO: setting server port as: 2222
INFO: Waiting for incoming connection...
0.041858480
0.133603672
0.018451772
0.121892444
0.152060702
0.205094752
0.206130789
0.371479491
0.200262488
0.186288479
0.195586466
0.329968791
0.359257968
0.353377975
0.361274518
0.152366008
0.116222566
0.091926103
0.300329724
0.361454006
0.452438100
0.569533916
0.559270238
0.738456610
0.837084533
0.837999979
0.860841532
0.877208440
0.678038553
0.677437288
0.915809743
1.049665362
0.902981233
0.993787473
1.042849030
0.980882805
1.135760648
1.189799999
1.058779672
1.064787465
0.987038198
1.057934374
1.038605603
1.064481725
1.137546072
1.172345405
1.050471869
1.167826932
1.255698377
1.411071608
1.326539761
1.477259844
1.381889431
1.414494961
1.348841432
1.291584063
1.172766133
1.145849039
1.171851530
1.295707569
1.290050292
1.399252125
1.564852018
1.224819440
1.158281425
1.054363562
1.046045302
1.075979047
1.192399540
1.294102799
1.527638508
1.582037693
1.600005259
1.692332975
1.832328707
1.854012055
1.773343354
1.771202716
1.723525109
1.859699769
1.920850675
1.857737743
1.871922121
0.796301475
0.600292486
0.050279466
0.213846229
0.230057680
0.189568598
0.316145723
0.161142039
0.170910894
0.100909266
0.118089534
0.454080480
0.596147932
0.600559774
0.590119921
0.803120793
0.788469468
0.714168606
0.703577466
0.548447104
0.596175932
0.586577878
0.410545813
0.336859392
0.278352032
0.190647107
0.237947741
0.318694562
0.592076706
0.592931712
0.573081615
0.532403773
0.524392120
0.418651192
0.381635814
0.405859146
0.389605985
0.281748312
0.209757681
0.166759541
0.057026593
0.099321093
0.135341869
0.050480355
0.093940360
0.041735030
0.018934925
0.096301817
0.024883148
0.007755741
0.175005917
0.155789860
0.087856383
0.152095182
0.102350621
0.030855154
0.017641378
0.000404284
0.033682019
0.047905095
0.238335842
0.100136275
0.096580450
0.208869855
0.371546418
0.130020015
0.066289001
0.196210606
0.336745953
0.189758055
0.153745415
0.194108618
0.169860747
0.141895828
0.175668678
0.170062749
0.108369482
0.131710677
0.021028086
0.013968767
0.037367066
0.247736929
0.293136320
0.217796329
0.086980486
0.114297969
0.093681008
0.014606762
0.086860299
0.104828255
0.071701080
0.262245202
0.237283926
0.277187602
0.193702590
0.214844963
0.039174587
0.046394733
0.041915029
0.032992354
0.092366432
0.034514804
0.012302964
0.000556853
0.124181852
0.010252723
0.106486214
0.049795420
0.147782365
0.053632056
0.040332673
0.040335953
0.119996251
0.099112731
0.004679603
0.126527720
0.119600952
0.086750566
0.138117052
0.096996427
0.197796570
0.180314088
0.183626705
0.173658670
0.233529833
0.218010016
0.226890004
0.021408716
0.028748826
0.175614072
0.276014100
0.240741674
0.268422541
0.392074364
0.323503140
0.369013594
0.442503008
0.537856218
0.442009416
0.469110848
0.475253588
0.465387645
0.397421053
0.363863117
0.431803380
0.486078312
0.668693392
0.733944660
0.659818940
0.551508235
0.611903123
0.628448982
0.583529407
0.622832622
0.676347484
0.531971042
0.613342882
0.687782106
0.738806981
0.629740420
0.654896415
0.784200045
0.722165070
0.879988929
0.811247124
0.732117807
0.593826298
0.672112354
0.529252365
0.418080424
0.438523069
0.478410639
0.573935430
0.775584533
0.769719554
0.841693103
0.662446147
0.956146655
0.891512800
0.715946695
0.646099776
0.685804086
0.627291261
0.614813150
0.723933253
0.670652751
0.561931143
0.600021286
0.530793651
0.463268601
0.445454876
0.396039280
0.289631877
0.282915935
0.258467913
0.155528104
0.107642909
0.137032386
0.216610286
0.354716039
0.326536848
0.691409033
0.638851126
0.709146513
0.636768454
0.828104461
0.789463745
0.826146286
1.021517192
0.865601174
0.721212594
0.738421960
0.768245816
0.781210701
0.636169824
0.738904142
0.625981091
0.688074271
0.600630040
0.631338879
0.574206285
0.522917026
0.670758251
0.652026877
0.640204557
0.476358105
0.508691910
0.489755678
0.455724011
0.473363080
0.433095093
0.645781769
0.767683989
0.909660874
0.760799531
0.875684607
1.095897533
1.032144085
1.054770384
0.975078444
0.792822520
0.744969372
0.559880963
0.592718847
0.505073230
0.505490095
0.505012059
0.437088725
0.425930113
0.169674866
0.240879336
0.193418195
0.006200253
0.057272109
0.040702958
0.203013860
0.195208750
0.166414365
0.279868890
0.643653554
0.665369399
0.752409267
0.765097518
0.742424121
0.546587220
0.644131018
0.607292292
0.529516535
0.345779196
0.236304815
0.090198720
0.023152217
0.025622398
0.005152892
0.242567628
0.258381670
0.277894622
0.235753428
0.209267351
0.346459304
0.265533104
0.218831741
0.183670650
0.157184995
0.122526645
0.061728785
0.071379001
0.111141527
0.033714363
0.033843582
0.118759925
0.192703674
0.321005870
0.396046567
0.313986518
0.435712401
0.392348970
0.426376548
0.498246022
0.441262603
0.483645912
0.230544706
0.194227205
0.245814321
0.348012259
0.375519077
0.226356870
0.224154069
0.208581113
0.023506327
0.094219622
0.271662559
0.277938049
0.212215597
0.154055569
0.128573588
0.263223213
0.268575123
0.268267499
0.024983534
0.008417591
0.027160957
0.231443698
0.222615821
0.248081954
0.098376343
0.107884957
0.085089015
0.011714474
0.039673687
0.121845526
0.285633909
0.294338392
0.277669383
0.416390664
0.393194912
0.320589965
0.336842897
0.305052364
0.297662751
0.351604523
0.402780878
0.516803781
0.604999581
0.633117054
0.418013144
0.428376263
0.369975772
0.206525784
0.262313403
0.213314778
0.214674163
0.078430624
0.039175183
0.008663634
0.040939947
0.226848943
0.250198579
0.162202325
0.129919392
0.135969958
0.075003336
0.076397799
0.013067079
0.125226104
0.216178140
0.138677247
0.129478200
0.104338114
0.026379788
0.028382248
0.252924063
0.214410028
0.421126872
0.313196268
0.385445515
0.332703936
0.227517916
0.265347718
0.105276532
0.080220675
0.124125656
0.006749242
0.015916374
0.037272910
0.059015633
0.014656974
0.169774895
0.143114123
0.173513913
0.062621956
0.042835517
0.005969810
0.047269236
0.093743417
0.053287270
0.021277891
0.071752138
0.057306352
0.079260370
0.017926277
0.012042527
0.017121286
0.192630372
0.330171886
0.396150401
0.304401218
0.411189930
0.283814771
0.702024417
0.772795121
0.849929943
0.896633688
0.711945386
0.678699755
0.545842242
0.507409304
Done.
